shape_id,shape_pt_sequence,shape_pt_lat,shape_pt_lon,shape_dist_traveled
R1_0,1,10.111073,76.349005,0.0
R1_0,2,10.110612,76.349225,0.05663633481090469
R1_0,3,10.11023,76.34939,0.10279368258131671
R1_0,4,10.109944,76.349489,0.13639134350647203
R1_0,5,10.109665,76.349567,0.16856835173719587
R1_0,6,10.10928,76.34968,0.21312978249038916
R1_0,7,10.10867,76.349816,0.2825734187692491
R1_0,8,10.108132,76.349916,0.34338970321607365
R1_0,9,10.107836,76.349969,0.37681089694363895
R1_0,10,10.107647,76.350003,0.39815380560734875
R1_0,11,10.107168,76.350085,0.4521673710325047
R1_0,12,10.10684,76.350123,0.48887581789548207
R1_0,13,10.106508,76.350158,0.5259908764426123
R1_0,14,10.106104,76.350173,0.5709436893884675
R1_0,15,10.10571,76.350159,0.6147813489099526
R1_0,16,10.105427,76.350153,0.6462564106073545
R1_0,17,10.105146,76.350132,0.6775866823590883
R1_0,18,10.104851,76.350097,0.710612237073403
R1_0,19,10.104505,76.350036,0.7496609446750715
R1_0,20,10.103986,76.349931,0.8085047529426337
R1_0,21,10.103537,76.34981,0.8601585967671314
R1_0,22,10.103105,76.349663,0.9108186671617763
R1_0,23,10.102702,76.349501,0.959011883137419
R1_0,24,10.102306,76.349328,1.006945105213863
R1_0,25,10.101962,76.349149,1.0499232933601188
R1_0,26,10.101614,76.34896,1.0938032544618033
R1_0,27,10.100667,76.348323,1.2201013069997324
R1_0,28,10.100146,76.348002,1.2878585268419378
R1_0,29,10.099589,76.347675,1.359395054080768
R1_0,30,10.099002,76.347356,1.4334213301015255
R1_0,31,10.098692,76.347213,1.4712799914256063
R1_0,32,10.098354,76.347081,1.511546170652379
R1_0,33,10.097672,76.346897,1.5900107657188591
R1_0,34,10.097381,76.346842,1.6229239489393879
R1_0,35,10.097023,76.346788,1.6631683307174245
R1_0,36,10.096422,76.346727,1.7303293896225347
R1_0,37,10.095836,76.346672,1.7957672967246245
R1_0,38,10.095263,76.346612,1.8598197538588475
R1_0,39,10.095034,76.346579,1.885538419049279
R1_0,40,10.094802,76.346528,1.9119329294345508
R1_0,41,10.094312,76.346413,1.967854074952091
R1_0,42,10.093838,76.346277,2.0226230244843455
R1_0,43,10.093223,76.346084,2.0941975896212717
R1_0,44,10.092429,76.345752,2.1896749324470246
R1_0,45,10.09218,76.345637,2.220090374242131
R1_0,46,10.091901,76.345494,2.2548398780213996
R1_0,47,10.091166,76.345081,2.3482409064475886
R1_0,48,10.090452,76.34466,2.4400422632338135
R1_0,49,10.08975,76.344259,2.529598797194554
R1_0,50,10.088828,76.343699,2.649052538182013
R1_0,51,10.08728,76.342786,2.8480978760982394
R1_0,52,10.086464,76.342302,2.953171421838891
R1_0,53,10.085773,76.341914,3.04096680930811
R1_0,54,10.085085,76.341513,3.129170088836485
R1_0,55,10.084632,76.341266,3.186340725864316
R1_0,56,10.084222,76.341051,3.2376482801040605
R1_0,57,10.083455,76.340641,3.3340253417290597
R1_0,58,10.082965,76.340384,3.3953466249243394
R1_0,59,10.082448,76.340135,3.458970202324803
R1_0,60,10.081756,76.339806,3.543929929403053
R1_0,61,10.081167,76.339565,3.614538568072803
R1_0,62,10.080682,76.339377,3.672262215290583
R1_0,63,10.080162,76.339188,3.733674389897176
R1_0,64,10.079233,76.338857,3.8431462716379516
R1_0,65,10.077979,76.338384,3.9918899387786735
R1_0,66,10.077665,76.338245,4.029977360849465
R1_0,67,10.077368,76.338085,4.067360276264375
R1_0,68,10.077196,76.337971,4.090197836036274
R1_0,69,10.077038,76.337855,4.111876039074242
R1_0,70,10.076825,76.337688,4.1417964407201895
R1_0,71,10.076615,76.337508,4.172351450226744
R1_0,72,10.076265,76.337144,4.2280534242399375
R1_0,73,10.075975,76.336803,4.277384663758518
R1_0,74,10.075261,76.336068,4.390426179841606
R1_0,75,10.074797,76.335563,4.466048352820147
R1_0,76,10.074515,76.335277,4.510361645373563
R1_0,77,10.074311,76.33505,4.54400954852827
R1_0,78,10.074044,76.334768,4.586841991590192
R1_0,79,10.073882,76.334613,4.611589808223677
R1_0,80,10.073646,76.334389,4.647507168015583
R1_0,81,10.073384,76.334167,4.685447379384966
R1_0,82,10.073269,76.334078,4.701524078259166
R1_0,83,10.072749,76.33368,4.773925504593257
R1_0,84,10.072219,76.333236,4.850319521272719
R1_0,85,10.071763,76.332879,4.914339984501286
R1_0,86,10.071511,76.332668,4.950655593582642
R1_0,87,10.071301,76.332474,4.982221101463898
R1_0,88,10.071101,76.33226,5.014524286737937
R1_0,89,10.070784,76.331923,5.0655512253560335
R1_0,90,10.070521,76.331658,5.106745474402411
R1_0,91,10.070346,76.331489,5.133596894890633
R1_0,92,10.06983,76.330993,5.212596318693741
R1_0,93,10.068937,76.330061,5.35497465317461
R1_0,94,10.068701,76.329821,5.392110381901711
R1_0,95,10.0684,76.329553,5.436620336953678
R1_0,96,10.068059,76.329293,5.484033662023489
R1_0,97,10.067712,76.329012,5.533381849800683
R1_0,98,10.067442,76.328813,5.570476844757837
R1_0,99,10.067121,76.328612,5.612408962466627
R1_0,100,10.066517,76.328277,5.688932839527768
R1_0,101,10.066176,76.328092,5.731920977217792
R1_0,102,10.065892,76.327932,5.76803352774662
R1_0,103,10.065473,76.327678,5.822292423530675
R1_0,104,10.065071,76.327454,5.873278417049492
R1_0,105,10.064489,76.327098,5.948824757297865
R1_0,106,10.06426,76.326937,5.979794213036829
R1_0,107,10.064042,76.32675,6.011523826768541
R1_0,108,10.063707,76.326435,6.062287766653709
R1_0,109,10.063496,76.326214,6.095991188820688
R1_0,110,10.063176,76.32587,6.1478041418423865
R1_0,111,10.062931,76.325562,6.191154922068518
R1_0,112,10.062607,76.325079,6.255142140542642
R1_0,113,10.062372,76.324671,6.306893532085692
R1_0,114,10.062073,76.324201,6.3681576577320405
R1_0,115,10.061827,76.323855,6.414883110956872
R1_0,116,10.061624,76.3236,6.450785387883273
R1_0,117,10.061369,76.32334,6.490963868252491
R1_0,118,10.061107,76.323108,6.5296152004923975
R1_0,119,10.060807,76.32287,6.571944657442596
R1_0,120,10.060563,76.322713,6.604063060735412
R1_0,121,10.060281,76.322559,6.639665686280463
R1_0,122,10.060019,76.322435,6.6718068007127345
R1_0,123,10.059679,76.322316,6.711795142719952
R1_0,124,10.059147,76.322128,6.774429632498014
R1_0,125,10.058591,76.321935,6.839765488443671
R1_0,126,10.058161,76.321789,6.890180630917773
R1_0,127,10.0577,76.321646,6.943779231331281
R1_0,128,10.05724,76.321517,6.99684311367756
R1_0,129,10.056869,76.321441,7.0389273094286935
R1_0,130,10.056414,76.321379,7.089974424666895
R1_0,131,10.055935,76.321305,7.143849564133176
R1_0,132,10.055669,76.321267,7.1737186357799745
R1_0,133,10.055272,76.321148,7.219745648541681
R1_0,134,10.054971,76.321032,7.2555440429193006
R1_0,135,10.054513,76.320812,7.311880424737842
R1_0,136,10.054061,76.320602,7.3671500726503485
R1_0,137,10.053663,76.320414,7.415958361770901
R1_0,138,10.05349,76.320336,7.437005565054666
R1_0,139,10.053288,76.320259,7.460997001850144
R1_0,140,10.052058,76.319934,7.6023200749411615
R1_0,141,10.05112,76.319544,7.71502333316771
R1_0,142,10.050093,76.319227,7.834378572999347
R1_0,143,10.048751,76.318865,7.988776366925309
R1_0,144,10.046715,76.318239,8.225317434668682
R1_0,145,10.04523,76.317759,8.398603978369044
R1_0,146,10.04376,76.31731,8.569293617666291
R1_0,147,10.041889,76.316736,8.78662518237266
R1_0,148,10.041034,76.316475,8.885899101760025
R1_0,149,10.040284,76.31621,8.974198804792316
R1_0,150,10.03957,76.315904,9.060372206258288
R1_0,151,10.037996,76.315218,9.250830022235286
R1_0,152,10.037121,76.314805,9.358121025491101
R1_0,153,10.036553,76.314562,9.426655402814173
R1_0,154,10.036034,76.314328,9.48979756814738
R1_0,155,10.035815,76.314229,9.516452946606265
R1_0,156,10.0352,76.313944,9.591621439404243
R1_0,157,10.034925,76.313817,9.625213447312435
R1_0,158,10.034091,76.313456,9.726022716428945
R1_0,159,10.033675,76.313262,9.776924019278082
R1_0,160,10.03328,76.313053,9.82645017737952
R1_0,161,10.032542,76.312641,9.920094406132458
R1_0,162,10.032296,76.312496,9.951722115123406
R1_0,163,10.030994,76.311731,10.11898374886162
R1_0,164,10.029354,76.310736,10.331409821793722
R1_0,165,10.028661,76.310361,10.418725170239385
R1_0,166,10.028623,76.310339,10.42358901483197
R1_0,167,10.026627,76.309177,10.679417993924327
R1_0,168,10.025351,76.308433,10.84302729519213
R1_0,169,10.023842,76.307572,11.035492439369683
R1_0,170,10.021382,76.306136,11.351005174117772
R1_0,171,10.020246,76.305504,11.495037197091742
R1_0,172,10.019753,76.305215,11.558334604913634
R1_0,173,10.019279,76.30491,11.62073130638591
R1_0,174,10.018855,76.304527,11.68383146008534
R1_0,175,10.01843,76.304096,11.75061925840202
R1_0,176,10.018098,76.303725,11.805511754248762
R1_0,177,10.017925,76.303542,11.83328929558261
R1_0,178,10.01773,76.303368,11.862153971141533
R1_0,179,10.017515,76.303181,11.893631386250618
R1_0,180,10.017247,76.30299,11.930038424112226
R1_0,181,10.01721,76.302964,11.935041642423402
R1_0,182,10.017121,76.302905,11.946860104009303
R1_0,183,10.016763,76.302667,11.994439937176391
R1_0,184,10.016603,76.302562,12.01562295214787
R1_0,185,10.016421,76.302461,12.038685250329047
R1_0,186,10.016304,76.302413,12.052716686356277
R1_0,187,10.016189,76.302386,12.065841449739699
R1_0,188,10.015959,76.302348,12.091752604286444
R1_0,189,10.015708,76.302329,12.119740006253005
R1_0,190,10.015197,76.302301,12.176643352468796
R1_0,191,10.01479,76.302284,12.221938018341994
R1_0,192,10.014423,76.302271,12.262771433143774
R1_0,193,10.01423,76.302288,12.284312667122931
R1_0,194,10.014014,76.302333,12.308831060770181
R1_0,195,10.013249,76.302539,12.396835342072572
R1_0,196,10.011647,76.30299,12.581688813484876
R1_0,197,10.010632,76.303293,12.699327717420786
R1_0,198,10.009624,76.303623,12.817093422458468
R1_0,199,10.008211,76.304133,12.983842010185725
R1_0,200,10.00743,76.304402,13.075545036415773
R1_0,201,10.006974,76.304559,13.129085286453646
R1_0,202,10.006406,76.304763,13.19607821938934
R1_0,203,10.00575,76.304971,13.272495525309498
R1_0,204,10.005463,76.30506,13.30586347877175
R1_0,205,10.005268,76.305099,13.327963088356594
R1_0,206,10.005062,76.305125,13.351045535969144
R1_0,207,10.004718,76.305122,13.38929805422671
R1_0,208,10.004466,76.305086,13.417595156275882
R1_0,209,10.003951,76.304933,13.47726119133748
R1_0,210,10.003643,76.304823,13.513565808798678
R1_0,211,10.0034,76.304725,13.542639272209778
R1_0,212,10.00307,76.304555,13.58378565909263
R1_0,213,10.002772,76.304333,13.62488289233166
R1_0,214,10.002472,76.304083,13.668036672381799
R1_0,215,10.002186,76.303803,13.712212178601092
R1_0,216,10.002071,76.303698,13.729408782835712
R1_0,217,10.001963,76.303579,13.747129603045417
R1_0,218,10.001866,76.303441,13.765695697273339
R1_0,219,10.001761,76.303243,13.790321436410155
R1_0,220,10.001653,76.303008,13.818719362388459
R1_0,221,10.00157,76.302733,13.850215827613955
R1_0,222,10.001511,76.302424,13.884683077224585
R1_0,223,10.001297,76.301396,13.99974205986885
R1_0,224,10.001157,76.30062,14.086132390990102
R1_0,225,10.00108,76.300312,14.120929854613667
R1_0,226,10.000914,76.299996,14.16014884631885
R1_0,227,10.000457,76.299255,14.25589103481073
R1_0,228,9.999857,76.298319,14.378189329480174
R1_0,229,9.999673,76.298046,14.414415345329788
R1_0,230,9.999482,76.297769,14.451444564408012
R1_0,231,9.999211,76.297411,14.500890865212277
R1_0,232,9.998671,76.296815,14.58957597720284
R1_0,233,9.998164,76.296226,14.675240390527795
R1_0,234,9.997528,76.295447,14.786048188089994
R1_0,235,9.996914,76.294655,14.8964260997369
R1_0,236,9.996193,76.293627,15.0346295878218
R1_0,237,9.995893,76.293195,15.092515252359993
R1_0,238,9.995722,76.292969,15.123724870598942
R1_0,239,9.995547,76.292738,15.155639671640834
R1_0,240,9.995352,76.292502,15.18937470366111
R1_0,241,9.995129,76.292245,15.226883600489721
R1_0,242,9.994843,76.291931,15.273720615210966
R1_0,243,9.994372,76.291468,15.346615150509507
R1_0,244,9.993809,76.290927,15.43280639503389
R1_0,245,9.992975,76.290138,15.559555629827452
R1_0,246,9.992645,76.289814,15.610598300758795
R1_0,247,9.992362,76.289512,15.656248850538681
R1_0,248,9.992085,76.289204,15.701925118143008
R1_0,249,9.991603,76.288637,15.783948699986434
R1_0,250,9.991378,76.28836,15.82326905288363
R1_0,251,9.990939,76.287776,15.90372319996918
R1_0,252,9.990814,76.287633,15.92466170905843
R1_0,253,9.990659,76.287493,15.947729012817032
R1_0,254,9.99041,76.287293,15.983031850510864
R1_0,255,9.990193,76.287143,16.012221743857296
R1_0,256,9.989733,76.286811,16.074976265404604
R1_0,257,9.989445,76.286623,16.113047298523004
R1_0,258,9.9892,76.286466,16.14526170733046
R1_0,259,9.988971,76.286336,16.174434792116784
R1_0,260,9.988774,76.286228,16.19932909883117
R1_0,261,9.988569,76.286101,16.226031837691753
R1_0,262,9.988308,76.28593,16.26057080756194
R1_0,263,9.987975,76.285689,16.306041676816065
R1_0,264,9.987681,76.285425,16.349682802162697
R1_0,265,9.987452,76.285213,16.38414127777585
R1_0,266,9.987102,76.284793,16.44439159894984
R1_0,267,9.98687,76.284454,16.48959874206686
R1_0,268,9.98679,76.284336,16.505286801147136
R1_0,269,9.986622,76.284042,16.54250984057091
R1_0,270,9.986474,76.283727,16.580730060120555
R1_0,271,9.986341,76.283388,16.620691354538447
R1_0,272,9.986187,76.282952,16.671415752021982
R1_0,273,9.98605,76.282665,16.70634253058043
R1_0,274,9.985946,76.282502,16.72761135217766
R1_0,275,9.9858,76.282342,16.751497914522112
R1_0,276,9.985664,76.282229,16.77103823275562
R1_0,277,9.985538,76.282135,16.788423938594182
R1_0,278,9.985375,76.28206,16.808322848419632
R1_0,279,9.985205,76.282004,16.82819590529831
R1_0,280,9.985015,76.281961,16.849841395084177
R1_0,281,9.984788,76.281952,16.875101913312673
R1_0,282,9.984611,76.281966,16.89484306702439
R1_0,283,9.984417,76.282007,16.916877226370495
R1_0,284,9.984103,76.282117,16.953812120789266
R1_0,285,9.983446,76.282351,17.031231307427905
R1_0,286,9.98267,76.282619,17.122373397955236
R1_0,287,9.982231,76.282733,17.17275918614173
R1_0,288,9.981817,76.282875,17.22134954595904
R1_0,289,9.981585,76.282933,17.247917243424588
R1_0,290,9.980666,76.283072,17.351233066354634
R1_0,291,9.980197,76.283139,17.40389719333582
R1_0,292,9.979734,76.283208,17.455932096013434
R1_0,293,9.979424,76.283274,17.491152193078406
R1_0,294,9.979116,76.283375,17.527142085347293
R1_0,295,9.978738,76.283487,17.57092688011021
R1_0,296,9.978358,76.283606,17.61514504140987
R1_0,297,9.977722,76.283831,17.69003483291375
R1_0,298,9.977104,76.284054,17.762963903280433
R1_0,299,9.976658,76.284212,17.815488801746593
R1_0,300,9.976205,76.284346,17.867954275138715
R1_0,301,9.975732,76.284462,17.922061986280582
R1_0,302,9.975289,76.284565,17.972596406733924
R1_0,303,9.974702,76.284709,18.0397459754135
R1_0,304,9.974238,76.28483,18.093015005221535
R1_0,305,9.974096,76.284867,18.10931634447396
R1_0,306,9.973268,76.285056,18.203683796023732
R1_0,307,9.972916,76.285133,18.243722544306653
R1_0,308,9.972535,76.285244,18.28779740153943
R1_0,309,9.970461,76.28556,18.52099811235985
R1_0,310,9.970216,76.285612,18.54882976393102
R1_0,311,9.969983,76.28569,18.57611011874632
R1_0,312,9.969507,76.285856,18.63207406845767
R1_0,313,9.969239,76.285951,18.663638297793153
R1_0,314,9.969125,76.286016,18.67817655032582
R1_0,315,9.96901,76.286099,18.69386551864825
R1_0,316,9.968882,76.286219,18.71323787570092
R1_0,317,9.9688,76.286326,18.728085603138634
R1_0,318,9.968704,76.286491,18.749073254491098
R1_0,319,9.968648,76.286656,18.768186245848348
R1_0,320,9.968606,76.286815,18.78621474146074
R1_0,321,9.968602,76.287062,18.813268934157136
R1_0,322,9.968626,76.287527,18.86426390819677
R1_0,323,9.968611,76.287784,18.89245898433408
R1_0,324,9.968581,76.288015,18.917976246166496
R1_0,325,9.968527,76.288321,18.952021935297378
R1_0,326,9.968511,76.288555,18.977710448590134
R1_0,327,9.968522,76.288781,19.002491353017355
R1_0,328,9.968589,76.289247,19.05406689229491
R1_0,329,9.968639,76.289567,19.089550393784457
R1_0,330,9.968669,76.289858,19.121593755536715
R1_0,331,9.968672,76.290096,19.147660773995288
R1_0,332,9.968665,76.290222,19.161481765515866
R1_0,333,9.968619,76.290401,19.181741507394044
R1_0,334,9.968582,76.290513,19.19467894854645
R1_0,335,9.968485,76.290697,19.217535006390094
R1_0,336,9.968382,76.290829,19.235978271835403
R1_0,337,9.968272,76.290941,19.253300495466643
R1_0,338,9.968147,76.291036,19.27066245021921
R1_0,339,9.96803,76.291112,19.286106934862463
R1_0,340,9.967606,76.291293,19.337251283222063
R1_0,341,9.967146,76.291471,19.391989852132046
R1_0,342,9.966665,76.291642,19.44865856159507
R1_0,343,9.966336,76.291763,19.487567854538945
R1_0,344,9.966168,76.291835,19.507844644333662
R1_0,345,9.966065,76.291899,19.521272258362668
R1_0,346,9.965962,76.291968,19.534993660352484
R1_0,347,9.965826,76.29209,19.555173106817133
R1_0,348,9.965703,76.292232,19.575883200224737
R1_0,349,9.965605,76.292385,19.59587109159401
R1_0,350,9.965541,76.292534,19.613673459667265
R1_0,351,9.965475,76.292731,19.636462414009937
R1_0,352,9.96544,76.293308,19.69977368384977
R1_0,353,9.965557,76.293908,19.766759624326838
R1_0,354,9.965601,76.294144,19.793064720199006
R1_0,355,9.965784,76.294926,19.881091505069783
R1_0,356,9.965881,76.295328,19.92641941946841
R1_0,357,9.966016,76.295985,19.999921452290927
R1_0,358,9.966103,76.296452,20.051972857017095
R1_0,359,9.966178,76.296793,20.090238049435104
R1_0,360,9.966249,76.297106,20.12541431034029
R1_0,361,9.966333,76.297484,20.16785242295534
R1_0,362,9.966442,76.297822,20.206802935452636
R1_0,363,9.966581,76.298188,20.249762887812455
R1_0,364,9.966619,76.298286,20.26129736938652
R1_0,365,9.966676,76.298433,20.278599089564104
R1_0,366,9.96684,76.298858,20.328588701899353
R1_0,367,9.967007,76.299268,20.377178954837966
R1_0,368,9.967245,76.299823,20.443472232628416
R1_0,369,9.967414,76.300255,20.494378930863178
R1_0,370,9.967463,76.300435,20.514831061124717
R1_0,371,9.967498,76.300545,20.52749094480499
R1_0,372,9.967564,76.300885,20.565442951982142
R1_0,373,9.96762,76.301462,20.62894013988828
R1_0,374,9.967654,76.302074,20.696070881872064
R1_0,375,9.967715,76.302768,20.77237750109494
R1_0,376,9.967754,76.303517,20.85452001213502
R1_0,377,9.967813,76.304477,20.959860454161443
R1_0,378,9.967802,76.304922,21.008610691879714
R1_0,379,9.967717,76.305394,21.061159520985925
R1_0,380,9.967469,76.306062,21.13934151552782
R1_0,381,9.967202,76.306703,21.215561700861997
R1_0,382,9.967054,76.306982,21.25026686947173
R1_0,383,9.966967,76.307344,21.291075207158812
R1_0,384,9.966999,76.30761,21.32042320357081
R1_0,385,9.967126,76.308323,21.39977541239543
R1_0,386,9.967167,76.308478,21.417352066894058
R1_0,387,9.96725,76.308793,21.453063071483268
R1_0,388,9.967358,76.309152,21.4941727629493
R1_0,389,9.967435,76.309637,21.5479740410969
R1_0,390,9.96749,76.310217,21.611787475995932
R1_0,391,9.967604,76.31071,21.66724731808542
R1_0,392,9.96768,76.311204,21.722004598764425
R1_0,393,9.967789,76.311767,21.78484243015604
R1_0,394,9.967937,76.312462,21.862715238097262
R1_0,395,9.968143,76.313414,21.96946160188903
R1_0,396,9.968373,76.31449,22.090044646826925
R1_0,397,9.968518,76.315131,22.16207243044693
R1_0,398,9.968608,76.315646,22.219354323709965
R1_0,399,9.968774,76.316681,22.33419680068043
R1_0,400,9.968779,76.316794,22.346584623287438
R1_0,401,9.968703,76.317287,22.401233522211545
R1_0,402,9.968705,76.31822,22.503412479221613
R1_0,403,9.968829,76.319028,22.592969419329123
R1_0,404,9.968829,76.319404,22.634147535198593
R1_0,405,9.968734,76.31964,22.662068777890262
R1_0,406,9.968491,76.319972,22.70736899860559
R1_0,407,9.968311,76.320112,22.73258177606174
R1_0,408,9.968037,76.320241,22.766165335509108
R1_0,409,9.967603,76.320391,22.817143381574454
R1_0,410,9.967571,76.320404,22.820975882052196
R1_0,411,9.966526,76.320831,22.946231694335435
R1_0,412,9.966061,76.320981,23.000484304066575
R1_0,413,9.965448,76.320959,23.06868945781054
R1_0,414,9.96511,76.320874,23.107409084762082
R1_0,415,9.963975,76.320439,23.242307744090596
R1_0,416,9.963493,76.320294,23.298206868204336
R1_0,417,9.963028,76.320273,23.34996370482799
R1_0,418,9.962595,76.320359,23.39902375327147
R1_0,419,9.962183,76.320519,23.448072986205577
R1_0,420,9.961823,76.320777,23.497071034938703
R1_0,421,9.961549,76.32112,23.545438249950045
R1_0,422,9.961189,76.321678,23.618493239534835
R1_0,423,9.960031,76.323676,23.87238672772895
R1_0,424,9.959637,76.32434,23.957284944614173
R1_0,425,9.959358,76.324804,24.016823341134668
R1_0,426,9.959171,76.325075,24.053062243644213
R1_0,427,9.959009,76.325266,24.080667719489398
R1_0,428,9.95807,76.325943,24.208727714504757
R1_0,429,9.957448,76.32637,24.292217449568525
R1_0,430,9.95674,76.326754,24.381472636172965
R1_0,431,9.955904,76.327169,24.4849481628832
R1_0,432,9.955402,76.327448,24.548584240661437
R1_0,433,9.954712,76.327874,24.63838088851341
R1_0,434,9.954449,76.328045,24.673107983798207
R1_0,435,9.95426,76.328272,24.705661797807426
R1_0,436,9.954113,76.32861,24.746128145159417
R1_0,437,9.953959,76.329054,24.797682577343753
R1_0,438,9.953832,76.329416,24.83976922122004
R1_0,439,9.953689,76.329556,24.861858561407505
R1_0,440,9.952912,76.330047,24.96362530321092
R1_0,441,9.951989,76.330631,25.08455717343144
R1_0,442,9.951746,76.330785,25.11640960020935
R1_0,443,9.950877,76.331295,25.228020519947346
R1_0,444,9.950359,76.331598,25.29449542943052
R1_0,445,9.950263,76.33165,25.306594386481947
R1_0,446,9.950221,76.331805,25.324201057968978
R1_0,447,9.950294,76.33214,25.36177829084815
R1_0,448,9.951508,76.335225,25.72562287292818
R1_0,449,9.952925,76.339459,26.21537615803699
R1_0,450,9.953253,76.340438,26.328631076902468
R1_0,451,9.954009,76.34293,26.61421110364219
R1_0,452,9.95467,76.34592,26.94982643478854
R1_0,453,9.954839,76.346633,27.03014422033308
R1_0,454,9.955045,76.347481,27.125801035239665
R1_0,455,9.955362,76.348393,27.23172126790214
R1_0,456,9.955446,76.34901,27.299938062950062
R1_0,457,9.955489,76.34953,27.357089215622178
R1_0,458,9.955309,76.349745,27.387993332485784
R1_0,459,9.954669,76.350018,27.46518399751219
R1_0,460,9.95328,76.350683,27.635944762578124
R1_0,461,9.950801,76.35188,27.94118396240446
R1_0,462,9.951662,76.351488,28.046108531760915
R1_0,463,9.954062,76.350297,28.343149425628702
R1_0,464,9.955071,76.349863,28.464998552380663
R1_0,465,9.95543,76.349654,28.511014577830135
R1_0,466,9.955494,76.349326,28.547635506719775
R1_0,467,9.955404,76.348709,28.615946839926757
R1_0,468,9.955251,76.348017,28.69362127218711
R1_0,469,9.954955,76.347175,28.791535578512637
R1_1,1,9.950794,76.351869,0.0
R1_1,2,9.953449,76.350592,0.32667605387265974
R1_1,3,9.954199,76.350228,0.4191110197425836
R1_1,4,9.955166,76.349798,0.5364976121682214
R1_1,5,9.95533,76.349715,0.5568736692103373
R1_1,6,9.955409,76.349662,0.5674026426665265
R1_1,7,9.955462,76.349597,0.5766443668817504
R1_1,8,9.955481,76.349536,0.5836512320919007
R1_1,9,9.955496,76.349391,0.5996190907754892
R1_1,10,9.955486,76.349184,0.6223171376697142
R1_1,11,9.955438,76.348779,0.6669930123024536
R1_1,12,9.955343,76.348385,0.7114183778185895
R1_1,13,9.95523,76.347993,0.7561514814443829
R1_1,14,9.95496,76.347202,0.8478373216355796
R1_1,15,9.954725,76.346207,0.9598998641001738
R1_1,16,9.954648,76.345882,0.9965094870733311
R1_1,17,9.953923,76.342955,1.327059194064571
R1_1,18,9.953709,76.342251,1.4077506438378515
R1_1,19,9.953167,76.340466,1.612325301804267
R1_1,20,9.952838,76.339483,1.726030810408537
R1_1,21,9.952201,76.337579,1.9462615449321363
R1_1,22,9.951423,76.335257,2.2148830879949166
R1_1,23,9.950208,76.332167,2.579277548065606
R1_1,24,9.950129,76.331802,2.6202070523355565
R1_1,25,9.950187,76.331588,2.644516004556562
R1_1,26,9.950317,76.331518,2.660878578268725
R1_1,27,9.950558,76.331376,2.6918625107417355
R1_1,28,9.9517,76.330706,2.8385245077070804
R1_1,29,9.952484,76.33021,2.9412415554064912
R1_1,30,9.953633,76.329483,3.0917842814455203
R1_1,31,9.953755,76.329365,3.110520563483595
R1_1,32,9.95403,76.328577,3.2020804975741517
R1_1,33,9.954183,76.328223,3.244419477724059
R1_1,34,9.95439,76.327976,3.279938424794078
R1_1,35,9.954664,76.327796,3.316227530993395
R1_1,36,9.955376,76.327401,3.4064468414414186
R1_1,37,9.955888,76.327132,3.4705498333501024
R1_1,38,9.956724,76.326723,3.573738412507658
R1_1,39,9.957431,76.326344,3.6626385434048667
R1_1,40,9.958039,76.325915,3.7449681064476716
R1_1,41,9.958972,76.325252,3.8715993386551797
R1_1,42,9.959134,76.325049,3.900213540385007
R1_1,43,9.959317,76.324773,3.936652037099696
R1_1,44,9.959601,76.324314,3.996017618694897
R1_1,45,9.959993,76.323654,4.080425846545807
R1_1,46,9.961152,76.321655,4.334470142368328
R1_1,47,9.961513,76.321094,4.407860959994368
R1_1,48,9.961793,76.320744,4.457243865983836
R1_1,49,9.962162,76.32048,4.507438463071799
R1_1,50,9.962583,76.320316,4.557578939534427
R1_1,51,9.963025,76.320228,4.60766318438293
R1_1,52,9.963501,76.32025,4.660646853874939
R1_1,53,9.963989,76.320397,4.717247888826095
R1_1,54,9.965123,76.320831,4.852003855312215
R1_1,55,9.965454,76.320915,4.889941702855343
R1_1,56,9.966055,76.320936,4.956809508733587
R1_1,57,9.966511,76.320789,5.010008859888714
R1_1,58,9.967546,76.320366,5.1340695747510265
R1_1,59,9.967588,76.320349,5.139097192949253
R1_1,60,9.968021,76.320199,5.189969988413537
R1_1,61,9.968289,76.320073,5.222810075673569
R1_1,62,9.96846,76.319941,5.246695774492458
R1_1,63,9.968696,76.319618,5.29074062653928
R1_1,64,9.968786,76.319395,5.317133652551372
R1_1,65,9.968786,76.319032,5.356888062210485
R1_1,66,9.968662,76.318224,5.446445013851414
R1_1,67,9.968659,76.317284,5.549390897213703
R1_1,68,9.968736,76.316791,5.604057108685521
R1_1,69,9.968731,76.316686,5.61556975252431
R1_1,70,9.968649,76.316177,5.672054347157286
R1_1,71,9.968565,76.315653,5.730196073590333
R1_1,72,9.968475,76.315139,5.787370145322286
R1_1,73,9.96833,76.314499,5.859291204821478
R1_1,74,9.9681,76.313423,5.979874264949157
R1_1,75,9.967894,76.312471,6.086620642172442
R1_1,76,9.967746,76.311776,6.164493459926185
R1_1,77,9.967638,76.311212,6.2274174466331225
R1_1,78,9.967561,76.310719,6.282083837708311
R1_1,79,9.967447,76.310224,6.337756944495799
R1_1,80,9.967392,76.309643,6.40167940122891
R1_1,81,9.967316,76.309162,6.455030521276191
R1_1,82,9.967208,76.308805,6.495930788098226
R1_1,83,9.967125,76.30849,6.531641796980521
R1_1,84,9.967083,76.308333,6.54945890441648
R1_1,85,9.966956,76.307616,6.629242236149496
R1_1,86,9.966923,76.307341,6.659582100224183
R1_1,87,9.967013,76.306966,6.701852661269455
R1_1,88,9.967163,76.306684,6.736952574506854
R1_1,89,9.967429,76.306046,6.812826858418139
R1_1,90,9.967675,76.305382,6.890520526820514
R1_1,91,9.967727,76.305092,6.922802407143839
R1_1,92,9.967759,76.304918,6.942187663778458
R1_1,93,9.967769,76.304478,6.990387805824757
R1_1,94,9.967725,76.303764,7.068735591788083
R1_1,95,9.967711,76.303519,7.095612290063489
R1_1,96,9.967699,76.303331,7.1162446116879225
R1_1,97,9.967671,76.302771,7.177652914259151
R1_1,98,9.967611,76.302077,7.253949739836242
R1_1,99,9.967576,76.301465,7.321086844762975
R1_1,100,9.967521,76.300892,7.384137217674996
R1_1,101,9.967456,76.300556,7.421637936941403
R1_1,102,9.967422,76.300448,7.434055271800914
R1_1,103,9.967372,76.300269,7.454431924738851
R1_1,104,9.967305,76.300098,7.474586770928441
R1_1,105,9.967204,76.29984,7.504992239757358
R1_1,106,9.966967,76.299285,7.571241213589128
R1_1,107,9.9668,76.298874,7.619932693469252
R1_1,108,9.966635,76.29845,7.669861110935848
R1_1,109,9.966578,76.298303,7.687162832997049
R1_1,110,9.966542,76.298208,7.69831047203843
R1_1,111,9.966401,76.297837,7.741861359200764
R1_1,112,9.966291,76.297496,7.781158717032021
R1_1,113,9.966206,76.297116,7.8238350140945805
R1_1,114,9.966136,76.296803,7.858986490090897
R1_1,115,9.966061,76.296461,7.897358579183418
R1_1,116,9.965973,76.295994,7.949430771151579
R1_1,117,9.965839,76.295338,8.022802945791653
R1_1,118,9.965741,76.294936,8.06815745357547
R1_1,119,9.965558,76.294153,8.156290804084671
R1_1,120,9.965514,76.293916,8.18270351755615
R1_1,121,9.965397,76.293316,8.24968946653181
R1_1,122,9.965442,76.29272,8.315153357225174
R1_1,123,9.965508,76.292521,8.33814978801718
R1_1,124,9.965574,76.292368,8.356442625654383
R1_1,125,9.965675,76.292209,8.377163393614543
R1_1,126,9.965801,76.292064,8.398340528525395
R1_1,127,9.965941,76.291939,8.419070890289852
R1_1,128,9.966046,76.291868,8.433098676050905
R1_1,129,9.966152,76.291802,8.446925161941845
R1_1,130,9.966323,76.291729,8.467551889265776
R1_1,131,9.966653,76.291608,8.506565748274811
R1_1,132,9.967134,76.291436,8.563270744391277
R1_1,133,9.967593,76.291259,8.617866442755687
R1_1,134,9.968013,76.29108,8.668515892647212
R1_1,135,9.968127,76.291006,8.68356133918861
R1_1,136,9.968248,76.290913,8.700436210442367
R1_1,137,9.968355,76.290805,8.717212851251416
R1_1,138,9.968455,76.290677,8.735105603771991
R1_1,139,9.96855,76.290499,8.757277679359234
R1_1,140,9.968585,76.29039,8.769833356872853
R1_1,141,9.968629,76.290217,8.789401204859521
R1_1,142,9.968637,76.290095,8.802791777554425
R1_1,143,9.968633,76.289861,8.828422458481676
R1_1,144,9.968604,76.289574,8.860018629563184
R1_1,145,9.968554,76.289252,8.895718478588556
R1_1,146,9.968486,76.288784,8.947526880318144
R1_1,147,9.968475,76.288554,8.972745328331548
R1_1,148,9.968491,76.288317,8.99876161463805
R1_1,149,9.968546,76.28801,9.032934837016883
R1_1,150,9.968575,76.28778,9.058329169806306
R1_1,151,9.96859,76.287527,9.086086962927684
R1_1,152,9.968566,76.287063,9.136972576624343
R1_1,153,9.968571,76.28681,9.16468579144435
R1_1,154,9.968614,76.286645,9.183377867114828
R1_1,155,9.968671,76.286476,9.202941287791559
R1_1,156,9.96877,76.286305,9.224664415022344
R1_1,157,9.968856,76.286194,9.240131233684382
R1_1,158,9.968988,76.286071,9.260053348209214
R1_1,159,9.969106,76.285985,9.276204734217808
R1_1,160,9.969224,76.285918,9.2912380726663
R1_1,161,9.969495,76.285821,9.323189588103665
R1_1,162,9.969972,76.285655,9.379258714298361
R1_1,163,9.970207,76.285577,9.40675036377704
R1_1,164,9.970455,76.285524,9.43493097833563
R1_1,165,9.97253,76.285208,9.668241653699443
R1_1,166,9.972912,76.285094,9.712514926337409
R1_1,167,9.973264,76.285013,9.752648219961596
R1_1,168,9.973535,76.284938,9.783881427091265
R1_1,169,9.973782,76.284889,9.811865934720103
R1_1,170,9.974075,76.284824,9.845214682824325
R1_1,171,9.974423,76.284739,9.885014483759608
R1_1,172,9.974764,76.28464,9.924451594440985
R1_1,173,9.975207,76.284534,9.975060367365923
R1_1,174,9.975687,76.284424,10.029776585472808
R1_1,175,9.976187,76.284301,10.086982642314105
R1_1,176,9.976571,76.28419,10.131378204024125
R1_1,177,9.976997,76.284047,10.181268899811402
R1_1,178,9.97759,76.283824,10.251584752725869
R1_1,179,9.977991,76.283676,10.299028373969037
R1_1,180,9.978406,76.283541,10.347484788689009
R1_1,181,9.978772,76.283427,10.39005403302413
R1_1,182,9.979146,76.283308,10.433635096105455
R1_1,183,9.979381,76.283238,10.46086718962028
R1_1,184,9.979602,76.283189,10.486020365868242
R1_1,185,9.979958,76.28313,10.526129658960718
R1_1,186,9.980302,76.283076,10.564835198143538
R1_1,187,9.980772,76.283011,10.617579432119244
R1_1,188,9.980862,76.282999,10.627672904436366
R1_1,189,9.981189,76.282957,10.664323452049741
R1_1,190,9.981493,76.282908,10.698550025343247
R1_1,191,9.981692,76.282867,10.721128787037063
R1_1,192,9.981864,76.282814,10.741115651448073
R1_1,193,9.982139,76.282721,10.77334575773181
R1_1,194,9.982382,76.282654,10.801344651343372
R1_1,195,9.982663,76.282575,10.833766067175505
R1_1,196,9.982954,76.282481,10.86772182373195
R1_1,197,9.983436,76.282309,10.924531399863639
R1_1,198,9.983469,76.282297,10.92842905641252
R1_1,199,9.983925,76.282128,10.982406057336217
R1_1,200,9.984303,76.281985,11.027260328571511
R1_1,201,9.9845,76.281935,11.04983973429699
R1_1,202,9.984715,76.281906,11.073956693201273
R1_1,203,9.984901,76.281901,11.094646224987882
R1_1,204,9.985098,76.281917,11.11662162054559
R1_1,205,9.985302,76.281973,11.140119778612426
R1_1,206,9.985471,76.282052,11.160807549289306
R1_1,207,9.985666,76.282171,11.186105398444745
R1_1,208,9.985774,76.282252,11.201035266893943
R1_1,209,9.98586,76.282324,11.213429464727332
R1_1,210,9.98598,76.282463,11.233671863574362
R1_1,211,9.986103,76.28265,11.258297612025672
R1_1,212,9.986213,76.282872,11.285512474477741
R1_1,213,9.986344,76.283251,11.329498871851122
R1_1,214,9.986529,76.283726,11.385436167838323
R1_1,215,9.986626,76.283925,11.409751828043115
R1_1,216,9.986768,76.284188,11.442597279133778
R1_1,217,9.986942,76.284462,11.478300090298276
R1_1,218,9.987114,76.284707,11.511249065141424
R1_1,219,9.987276,76.28492,11.540720675194565
R1_1,220,9.987501,76.285174,11.578132566648787
R1_1,221,9.987691,76.285359,11.60740360709579
R1_1,222,9.987846,76.285505,11.630912834650516
R1_1,223,9.988059,76.285678,11.661242336198097
R1_1,224,9.98825,76.285824,11.687826042969858
R1_1,225,9.988478,76.285972,11.717916392023557
R1_1,226,9.988762,76.286149,11.754969963517512
R1_1,227,9.989067,76.286333,11.794418736625255
R1_1,228,9.989257,76.286448,11.819014493334407
R1_1,229,9.989504,76.286601,11.851186905359793
R1_1,230,9.989741,76.286763,11.882955102660397
R1_1,231,9.990121,76.287032,11.934464163286249
R1_1,232,9.990386,76.287223,11.970599670564372
R1_1,233,9.990556,76.287349,11.994003047498778
R1_1,234,9.990696,76.287461,12.013821509114955
R1_1,235,9.990822,76.287578,12.03280722846874
R1_1,236,9.990945,76.287706,12.052391410693568
R1_1,237,9.991418,76.288325,12.138188805660723
R1_1,238,9.99146,76.288376,12.145469072139797
R1_1,239,9.99171,76.288699,12.190456839139994
R1_1,240,9.991886,76.288903,12.220156368735097
R1_1,241,9.992345,76.28942,12.296381616191143
R1_1,242,9.992942,76.290042,12.391493652817013
R1_1,243,9.993173,76.290258,12.426411755470335
R1_1,244,9.993584,76.290647,12.48888766821137
R1_1,245,9.993888,76.290937,12.535268576869855
R1_1,246,9.994124,76.291163,12.571339975906323
R1_1,247,9.994436,76.291465,12.619270212002897
R1_1,248,9.994713,76.291734,12.661890053578267
R1_1,249,9.9949,76.291916,12.690692630801411
R1_1,250,9.995221,76.292266,12.743066668516605
R1_1,251,9.995555,76.292668,12.800662230769179
R1_1,252,9.995766,76.292942,12.838751232855353
R1_1,253,9.996096,76.293396,12.90054267486479
R1_1,254,9.996419,76.293864,12.963124221334883
R1_1,255,9.996962,76.294621,13.065678990968408
R1_1,256,9.997397,76.295198,13.145253081070514
R1_1,257,9.997747,76.29564,13.207360872485815
R1_1,258,9.998341,76.296362,13.310383426366748
R1_1,259,9.998828,76.29691,13.391213933626338
R1_1,260,9.99938,76.29753,13.482740047462656
R1_1,261,9.99953,76.297711,13.508644740667247
R1_1,262,9.999664,76.2979,13.53414697923692
R1_1,263,9.999809,76.298118,13.562954028121922
R1_1,264,10.000031,76.298475,13.609188991057309
R1_1,265,10.000513,76.299223,13.707075781732973
R1_1,266,10.000555,76.299288,13.715588988615117
R1_1,267,10.00083,76.299744,13.774142474735445
R1_1,268,10.001013,76.300048,13.813158768301507
R1_1,269,10.001084,76.300192,13.830793481860299
R1_1,270,10.001144,76.300342,13.848522522656008
R1_1,271,10.001202,76.300517,13.868742096379375
R1_1,272,10.00125,76.300704,13.88990375000525
R1_1,273,10.001325,76.301218,13.946803966995414
R1_1,274,10.001391,76.301544,13.983249250770275
R1_1,275,10.001598,76.302575,14.098471625367308
R1_1,276,10.001641,76.302748,14.11801010424388
R1_1,277,10.001682,76.302882,14.133375712287629
R1_1,278,10.001735,76.303022,14.149800165828749
R1_1,279,10.001795,76.303154,14.165720264330705
R1_1,280,10.001879,76.30331,14.185189857006554
R1_1,281,10.001969,76.303447,14.203223638783644
R1_1,282,10.002093,76.303604,14.225261999554455
R1_1,283,10.002253,76.303788,14.252141481747541
R1_1,284,10.002555,76.304069,14.29768844456531
R1_1,285,10.002763,76.304264,14.329167023987367
R1_1,286,10.00297,76.304413,14.357380828902565
R1_1,287,10.003222,76.304572,14.390370784018687
R1_1,288,10.003416,76.304669,14.414415957807844
R1_1,289,10.003505,76.304713,14.425422912997252
R1_1,290,10.003765,76.304814,14.456376951345948
R1_1,291,10.00427,76.304997,14.5159990213047
R1_1,292,10.004463,76.305039,14.537946959327892
R1_1,293,10.004635,76.305062,14.55723763433085
R1_1,294,10.004797,76.305079,14.575347171603948
R1_1,295,10.004976,76.30508,14.595251392189445
R1_1,296,10.005175,76.305064,14.617448468409082
R1_1,297,10.005354,76.305037,14.637570782819411
R1_1,298,10.005514,76.304997,14.655893256361392
R1_1,299,10.005718,76.304938,14.679479176713356
R1_1,300,10.006076,76.304832,14.720944774467338
R1_1,301,10.006171,76.304798,14.732145215996251
R1_1,302,10.006392,76.304721,14.75812563093988
R1_1,303,10.006848,76.304561,14.811772279481989
R1_1,304,10.007032,76.304498,14.833363934906064
R1_1,305,10.007585,76.304302,14.898492834517135
R1_1,306,10.007892,76.304195,14.934584544782265
R1_1,307,10.008464,76.30399,15.002033297102745
R1_1,308,10.008923,76.303819,15.056398339898534
R1_1,309,10.009564,76.303593,15.131848446356832
R1_1,310,10.010278,76.303348,15.215652030966826
R1_1,311,10.01064,76.303233,15.257828457019261
R1_1,312,10.011035,76.303116,15.30358092100286
R1_1,313,10.01133,76.303026,15.337831932426186
R1_1,314,10.01185,76.302871,15.398092987120396
R1_1,315,10.012328,76.302734,15.453320762686511
R1_1,316,10.012697,76.302629,15.49593223960532
R1_1,317,10.012872,76.30257,15.516435831242777
R1_1,318,10.013286,76.302463,15.563938244057532
R1_1,319,10.01359,76.302377,15.599028774034325
R1_1,320,10.013966,76.302276,15.642276165028296
R1_1,321,10.014186,76.302233,15.667188104523603
R1_1,322,10.014319,76.302216,15.68209374633254
R1_1,323,10.014539,76.302209,15.706568669663262
R1_1,324,10.014894,76.302227,15.746092100521224
R1_1,325,10.015197,76.302244,15.779835595547015
R1_1,326,10.015668,76.302271,15.832291861477454
R1_1,327,10.015893,76.302281,15.85733470565574
R1_1,328,10.016087,76.302305,15.879066041407622
R1_1,329,10.016268,76.302346,15.899687003154286
R1_1,330,10.016467,76.302422,15.923327994451695
R1_1,331,10.016685,76.302544,15.951005903720679
R1_1,332,10.016979,76.302734,15.989756044556188
R1_1,333,10.017054,76.302785,15.999792782433572
R1_1,334,10.017358,76.302993,16.04055317147255
R1_1,335,10.017531,76.303112,16.06378776005309
R1_1,336,10.017815,76.303361,16.10550902169401
R1_1,337,10.018002,76.303547,16.13461540421787
R1_1,338,10.018311,76.303875,16.184319639291218
R1_1,339,10.018611,76.30421,16.233901751743193
R1_1,340,10.018645,76.304242,16.239056466698305
R1_1,341,10.018699,76.304293,16.247256514009525
R1_1,342,10.018974,76.304572,16.290481239277312
R1_1,343,10.019225,76.304785,16.326853552834606
R1_1,344,10.019417,76.304919,16.352759020670373
R1_1,345,10.019509,76.304983,16.36515914890806
R1_1,346,10.019874,76.305216,16.413098364286697
R1_1,347,10.020199,76.305414,16.455241470042505
R1_1,348,10.020668,76.305681,16.515028001892997
R1_1,349,10.02112,76.305927,16.572051421959365
R1_1,350,10.021466,76.306129,16.61642988097608
R1_1,351,10.021855,76.306351,16.666047379349592
R1_1,352,10.022231,76.306571,16.714300174823858
R1_1,353,10.022881,76.306958,16.79808348919523
R1_1,354,10.02338,76.307249,16.862068200321634
R1_1,355,10.023804,76.307492,16.916205033335153
R1_1,356,10.02484,76.308094,17.04892927648035
R1_1,357,10.025366,76.3084,17.11633537101338
R1_1,358,10.02558,76.308525,17.143786702425484
R1_1,359,10.026049,76.308791,17.20351952886109
R1_1,360,10.026347,76.308961,17.241526136298333
R1_1,361,10.026771,76.309202,17.29555555272985
R1_1,362,10.027527,76.309647,17.392719801622878
R1_1,363,10.028006,76.309909,17.45321684772113
R1_1,364,10.028555,76.310233,17.523822995442508
R1_1,365,10.028642,76.310282,17.534885196262604
R1_1,366,10.029361,76.310689,17.626416131141816
R1_1,367,10.030253,76.31121,17.740837526675648
R1_1,368,10.031075,76.311693,17.846437481716034
R1_1,369,10.031125,76.311723,17.8528951252043
R1_1,370,10.03125,76.311796,17.86892894582777
R1_1,371,10.032345,76.312448,18.010073558535908
R1_1,372,10.033169,76.31293,18.115811197566085
R1_1,373,10.033506,76.313106,18.157948820083313
R1_1,374,10.033677,76.313202,18.17967522695952
R1_1,375,10.03416,76.313421,18.23849249212939
R1_1,376,10.034537,76.313592,18.284404383370447
R1_1,377,10.035336,76.313954,18.381689985667972
R1_1,378,10.035614,76.314081,18.415585928675757
R1_1,379,10.035831,76.314186,18.442314228654528
R1_1,380,10.036052,76.31428,18.46895668659148
R1_1,381,10.036571,76.314521,18.53241372584953
R1_1,382,10.036628,76.314543,18.53919416413622
R1_1,383,10.036777,76.314603,18.55701719777705
R1_1,384,10.037267,76.31482,18.61645808441289
R1_1,385,10.037626,76.314984,18.660229977035307
R1_1,386,10.038088,76.315191,18.716379776075687
R1_1,387,10.038601,76.315418,18.778602579168325
R1_1,388,10.039446,76.315787,18.88088080683404
R1_1,389,10.039977,76.316018,18.94511464425552
R1_1,390,10.040813,76.31633,19.044152026787692
R1_1,391,10.041326,76.31651,19.10450382233287
R1_1,392,10.041831,76.316663,19.163102923896556
R1_1,393,10.042492,76.316858,19.239641157222067
R1_1,394,10.043111,76.317047,19.311514455224554
R1_1,395,10.043815,76.317255,19.3930413187779
R1_1,396,10.044518,76.317473,19.474774424242383
R1_1,397,10.045288,76.317721,19.564597264007496
R1_1,398,10.046053,76.317975,19.654092241288033
R1_1,399,10.04663,76.318157,19.721275146169763
R1_1,400,10.04736,76.318388,19.806296635528792
R1_1,401,10.048213,76.31865,19.905389078437352
R1_1,402,10.049001,76.318868,19.99620361613695
R1_1,403,10.049654,76.319042,20.07127167182309
R1_1,404,10.050432,76.319257,20.16092699721831
R1_1,405,10.051289,76.319533,20.26089779529897
R1_1,406,10.051924,76.319753,20.33550220462091
R1_1,407,10.052744,76.320059,20.4326426240735
R1_1,408,10.05314,76.320172,20.47838097666558
R1_1,409,10.053613,76.320353,20.534585846310968
R1_1,410,10.05421,76.320619,20.607076904564
R1_1,411,10.054838,76.320924,20.684481268442102
R1_1,412,10.055198,76.321084,20.728176780626605
R1_1,413,10.055388,76.321146,20.75036760173048
R1_1,414,10.055704,76.321223,20.786502452537505
R1_1,415,10.055981,76.321274,20.817805536670512
R1_1,416,10.056582,76.321371,20.885472390212346
R1_1,417,10.057157,76.321458,20.950115207096324
R1_1,418,10.057509,76.321539,20.990247991723564
R1_1,419,10.058222,76.321768,21.073400096943484
R1_1,420,10.058602,76.321898,21.11798703546366
R1_1,421,10.059099,76.322069,21.17633616772246
R1_1,422,10.059574,76.322229,21.231983053463097
R1_1,423,10.059972,76.322373,21.278963114760803
R1_1,424,10.060561,76.322658,21.351510338791414
R1_1,425,10.061072,76.323004,21.41980109699699
R1_1,426,10.061356,76.323254,21.46159158843871
R1_1,427,10.06181,76.323738,21.53477974321093
R1_1,428,10.062045,76.324044,21.577267732878724
R1_1,429,10.06273,76.325154,21.72069268091944
R1_1,430,10.063115,76.325682,21.79262632482531
R1_1,431,10.063456,76.326091,21.851302618414522
R1_1,432,10.063894,76.32654,21.920502160856987
R1_1,433,10.064165,76.32678,21.960483258351903
R1_1,434,10.064724,76.327193,22.037348010388065
R1_1,435,10.065377,76.327571,22.120924178418118
R1_1,436,10.066048,76.327966,22.207163105208338
R1_1,437,10.066801,76.328373,22.30201173825291
R1_1,438,10.067534,76.328833,22.397821859175192
R1_1,439,10.067832,76.329033,22.43753915402917
R1_1,440,10.068341,76.329438,22.509438030322787
R1_1,441,10.068718,76.329791,22.566455137340267
R1_1,442,10.069004,76.330067,22.61032347739226
R1_1,443,10.069512,76.330606,22.692012457936837
R1_1,444,10.070025,76.331109,22.771300329652398
R1_1,445,10.070507,76.331579,22.845599121846078
R1_1,446,10.070827,76.331902,22.89576510445176
R1_1,447,10.0713,76.332394,22.97104925233453
R1_1,448,10.071615,76.332686,23.01847124661536
R1_1,449,10.071797,76.332844,23.045094172900065
R1_1,450,10.072042,76.333023,23.07865336439367
R1_1,451,10.072402,76.333317,23.130019262515948
R1_1,452,10.072795,76.333627,23.185350345481332
R1_1,453,10.07327,76.334003,23.252314912672844
R1_1,454,10.073646,76.334326,23.307073628103076
R1_1,455,10.073989,76.334645,23.358787892313714
R1_1,456,10.074147,76.334807,23.383752364597342
R1_1,457,10.074615,76.335328,23.46096364539758
R1_1,458,10.074976,76.335708,23.518774619289108
R1_1,459,10.075352,76.336094,23.578221065822646
R1_1,460,10.0757,76.336463,23.634161987199136
R1_1,461,10.075998,76.33677,23.681360103086934
R1_1,462,10.076337,76.337154,23.737825241672944
R1_1,463,10.076699,76.337511,23.793931012698174
R1_1,464,10.076943,76.337723,23.8296355584377
R1_1,465,10.077323,76.338006,23.882031573306335
R1_1,466,10.07762,76.338165,23.919363315672072
R1_1,467,10.077912,76.338304,23.955221513358225
R1_1,468,10.07828,76.338448,23.999073141188376
R1_1,469,10.078917,76.338677,24.074210415185245
R1_1,470,10.079388,76.338844,24.129682810777094
R1_1,471,10.079701,76.338954,24.166511449427936
R1_1,472,10.080201,76.339138,24.22564579357005
R1_1,473,10.080931,76.339425,24.312687147776433
R1_1,474,10.081403,76.339598,24.368484033842982
R1_1,475,10.081894,76.339809,24.42776652510194
R1_1,476,10.082464,76.340083,24.497887804381385
R1_1,477,10.082979,76.340335,24.56145236649446
R1_1,478,10.083509,76.340611,24.627680310164486
R1_1,479,10.08416,76.340946,24.708828771295135
R1_1,480,10.084618,76.341193,24.766489880066825
R1_1,481,10.084906,76.341355,24.8030971030942
R1_1,482,10.085209,76.341517,24.841172004629442
R1_1,483,10.085679,76.341802,24.9020389126369
R1_1,484,10.086132,76.342051,24.95931339432323
R1_1,485,10.08635,76.34217,24.986832923924087
R1_1,486,10.086668,76.342361,25.02791285431437
R1_1,487,10.086955,76.342526,25.064583450725713
R1_1,488,10.087301,76.342735,25.10934648607777
R1_1,489,10.087654,76.342948,25.155002347426493
R1_1,490,10.088226,76.343282,25.228367287893533
R1_1,491,10.089006,76.34375,25.329101884928285
R1_1,492,10.089459,76.344026,25.38784060190329
R1_1,493,10.089972,76.344341,25.45449726529518
R1_1,494,10.090513,76.344646,25.523299136903443
R1_1,495,10.091141,76.345014,25.60391754263471
R1_1,496,10.091721,76.345345,25.677893388418457
R1_1,497,10.092257,76.345626,25.744964624252454
R1_1,498,10.092491,76.345724,25.773109301647064
R1_1,499,10.092708,76.345814,25.79917269264726
R1_1,500,10.093171,76.34601,25.85494843840376
R1_1,501,10.093604,76.346155,25.905645133388234
R1_1,502,10.094601,76.346432,26.020579169778827
R1_1,503,10.095034,76.346533,26.069979904345367
R1_1,504,10.095724,76.346612,26.14719039572338
R1_1,505,10.096221,76.346656,26.202663871414806
R1_1,506,10.09658,76.346693,26.242787877428945
R1_1,507,10.096842,76.34672,26.272070547127214
R1_1,508,10.097261,76.346771,26.318994614918523
R1_1,509,10.097526,76.346816,26.348870263573
R1_1,510,10.097843,76.346885,26.38491936715572
R1_1,511,10.098313,76.347018,26.439171309649694
R1_1,512,10.098606,76.347133,26.47409920619325
R1_1,513,10.099007,76.347324,26.523347498989672
R1_1,514,10.099396,76.347528,26.57202724760457
R1_1,515,10.099829,76.347773,26.627141003819112
R1_1,516,10.100109,76.347937,26.663081080440282
R1_1,517,10.100407,76.348117,26.70163348060383
R1_1,518,10.100705,76.348298,26.740241939309705
R1_1,519,10.101057,76.348528,26.786781678027133
R1_1,520,10.101525,76.348847,26.8494521863056
R1_1,521,10.10177,76.348997,26.881261136744595
R1_1,522,10.102215,76.349233,26.93708145297363
R1_1,523,10.102552,76.349383,26.977994099294932
R1_1,524,10.102835,76.349509,27.01235256938191
R1_1,525,10.103108,76.349619,27.045009992010282
R1_1,526,10.103425,76.349725,27.08211971249025
R1_1,527,10.103773,76.349821,27.122217277595173
R1_1,528,10.104224,76.349929,27.17374105239779
R1_1,529,10.104494,76.349983,27.20434016185213
R1_1,530,10.104738,76.350022,27.231805612641153
R1_1,531,10.104999,76.350066,27.261224520137024
R1_1,532,10.105241,76.350091,27.288272539932663
R1_1,533,10.105455,76.350107,27.312132661698886
R1_1,534,10.105686,76.35012,27.337858118010736
R1_1,535,10.105977,76.350114,27.37022255195256
R1_1,536,10.106202,76.350123,27.395260836335478
R1_1,537,10.106474,76.350107,27.425556571565735
R1_1,538,10.106685,76.350087,27.449120664713096
R1_1,539,10.107031,76.350049,27.487818395019804
R1_1,540,10.107361,76.350004,27.52484195480985
R1_1,541,10.107719,76.349941,27.565242780078776
R1_1,542,10.108184,76.349862,27.617666722591803
R1_1,543,10.108589,76.349788,27.66342350716244
R1_1,544,10.108928,76.349716,27.70193383274613
R1_1,545,10.109284,76.349628,27.74267456598142
R1_1,546,10.109549,76.349557,27.773149055205206
R1_1,547,10.11023,76.349325,27.853018285023055
R1_1,548,10.110638,76.349155,27.90205435801026
R1_1,549,10.111057,76.348963,27.95316647928895
